0 
1 
2 
3 
4 
5 
6 
7 1 221 21 39 
8 
9 
10 
11 14 223 30 36 
12 16 221 34 41 
13 19 220 37 43 
14 23 220 41 42 
15 
16 40 220 26 38 
17 44 220 25 38 
18 52 218 23 39 
19 55 220 30 35 
20 66 219 22 36 
21 67 221 28 33 
22 69 221 32 33 
23 74 223 36 32 
24 80 223 32 34 
25 86 222 32 35 
26 90 221 33 35 
27 94 223 33 34 
28 98 223 35 34 42 275 24 32 
29 104 224 31 33 49 276 20 31 
30 111 225 28 30 
31 115 223 31 31 
32 116 223 32 31 
33 119 222 34 31 
34 124 221 34 34 
35 130 221 30 34 
36 137 221 29 33 
37 140 221 29 33 
38 141 222 32 32 
39 145 222 33 31 
40 147 222 35 32 
41 151 223 34 31 
42 160 225 29 28 
43 164 225 31 29 
44 166 225 32 29 
45 166 222 37 38 
46 169 224 36 34 
47 171 222 37 39 
48 
49 186 221 30 38 
50 189 220 32 36 
51 191 219 33 36 
52 196 219 35 34 
53 200 214 35 38 
54 
55 215 215 27 36 
56 219 218 27 30 
57 222 219 30 29 
58 
59 
60 
61 
62 
63 
64 
65 270 224 21 27 
66 270 224 24 29 
67 272 224 30 29 
68 276 224 28 30 
69 
70 291 221 21 31 
71 293 221 25 30 
72 295 219 27 29 
73 298 216 32 32 
74 301 215 31 34 
75 312 216 23 33 
76 
77 
78 
79 
80 
81 341 213 34 41 
82 345 216 34 41 
83 348 216 36 43 
84 359 221 32 35 
85 361 219 36 41 
86 368 220 33 38 
87 
88 385 218 32 41 
89 326 273 26 30 391 217 31 42 
90 333 273 31 31 
91 335 273 32 31 
92 339 272 30 33 413 215 28 45 
93 344 270 27 38 417 211 32 45 
94 
95 
96 
97 
98 
99 
100 
101 469 216 34 46 381 262 38 50 
102 
103 
104 399 272 24 31 
105 
106 
107 
108 
109 
110 
111 
112 
113 
114 
115 
116 
117 
118 
119 
120 
121 
122 
123 
124 
125 
126 
127 
128 
129 
130 
131 
132 
133 
134 
135 
136 
137 
138 
139 
140 
141 
142 
143 
144 
145 
146 
147 
148 
149 
150 
151 
152 
153 
154 
155 
156 
157 
158 
159 
160 
161 
162 
163 
164 
165 
166 
167 
168 
169 
170 
171 
172 
173 
174 
175 
176 
177 
178 
179 
180 
181 
182 
183 958 287 19 19 
184 
185 
186 
187 
188 
189 
190 
191 
192 
193 
194 
195 
196 
197 
198 
199 
200 
201 
202 
203 
204 
205 
206 
207 
208 
209 
210 
211 
212 
213 
214 
215 
216 
217 
218 
219 
220 
221 
222 
223 
224 
225 
226 
227 
228 
229 
230 
231 
232 
233 
234 
235 
236 
237 
238 
239 
240 
241 
242 
243 
244 
245 
246 
247 
248 
249 
250 
251 
252 
253 
254 
255 
256 
257 
258 
259 
260 
261 
262 
263 
264 
265 
266 
267 
268 
269 
270 
271 
272 
273 
274 
275 
276 
277 
278 
279 
280 
281 
282 
283 
284 
285 
286 1229 371 43 42 
287 1250 365 29 54 
288 
289 
290 
291 
292 
293 
294 
295 
296 
297 
298 
299 
300 
301 
302 
303 
304 662 334 29 35 
305 
306 
307 683 338 30 35 
308 
309 
310 
311 
312 
313 
314 
315 
316 
317 
318 
319 
320 
321 
322 
323 
324 
325 
326 
327 
328 
329 
330 879 335 27 38 
331 
332 
333 
334 
335 
336 
337 
338 323 371 28 27 52 356 31 27 
339 59 352 34 28 330 369 25 29 
340 341 374 27 23 64 351 38 28 
341 987 339 21 36 348 374 27 24 
342 
343 1010 337 23 37 
344 1013 336 27 38 
345 
346 393 371 26 30 
347 400 370 26 31 
348 411 371 28 27 1054 341 21 31 
349 418 371 29 28 
350 426 370 27 28 
351 429 370 32 28 
352 436 367 33 34 
353 442 369 34 31 
354 448 367 33 33 
355 456 367 31 34 
356 464 369 30 32 45 377 37 28 171 350 24 24 
357 54 376 33 29 176 348 24 28 471 373 35 30 1151 332 24 39 
358 59 375 36 32 181 349 23 27 1158 334 26 37 
359 188 352 24 23 485 374 29 33 
360 194 350 28 26 
361 201 350 24 26 
362 206 349 23 27 515 377 20 28 
363 1205 335 23 39 
364 1209 337 29 31 
365 220 346 27 29 
366 539 370 27 32 
367 544 370 26 32 
368 
369 236 344 24 29 1267 324 12 37 
370 241 344 24 28 
371 245 345 23 27 
372 246 345 26 27 
373 252 345 25 25 
374 
375 
376 
377 268 344 30 34 
378 271 346 32 30 
379 
380 278 347 30 30 
381 283 347 26 29 153 370 41 48 644 367 32 36 
382 
383 662 368 30 32 
384 665 366 34 36 
385 678 364 27 38 
386 684 367 31 32 
387 692 368 29 31 
388 
389 704 368 33 43 
390 712 370 37 40 
391 
392 728 368 32 44 
393 
394 
395 
396 341 339 24 32 
397 345 340 24 32 779 366 31 35 
398 786 360 37 45 986 366 20 24 
399 792 361 35 40 990 362 21 27 
400 247 371 28 24 799 363 37 39 362 344 24 26 
401 808 360 35 45 250 370 27 25 
402 1000 355 25 31 816 362 35 43 
403 258 369 30 28 374 345 22 24 825 362 36 44 
404 259 367 31 29 833 359 37 48 
405 264 370 31 28 848 365 33 48 
406 268 370 27 27 856 367 31 46 1025 359 25 28 389 342 25 26 
407 272 371 26 27 877 368 33 46 1029 358 30 29 
408 883 368 35 44 276 371 26 28 394 339 27 28 
409 396 337 29 31 888 361 36 49 280 372 24 27 1042 361 30 34 
410 900 362 33 54 402 335 28 31 1048 360 31 32 
411 406 335 30 31 904 363 38 46 281 368 33 28 
412 410 337 30 30 282 368 34 28 1062 368 31 29 
413 1073 367 31 23 414 338 31 30 925 362 37 46 
414 1080 365 29 26 418 339 32 31 289 370 30 24 937 364 35 50 
415 1087 365 29 28 421 338 34 35 947 362 38 47 1183 371 11 13 288 368 34 26 
416 954 363 36 44 293 367 32 26 1184 370 12 14 1091 362 28 31 
417 963 362 34 45 1096 362 28 29 433 336 31 34 
418 437 339 29 32 974 361 38 46 309 368 29 28 1101 362 30 25 
419 984 361 38 47 442 340 27 31 313 368 26 25 
420 450 340 24 30 995 362 39 47 316 369 24 24 
421 1007 365 39 46 319 369 25 25 458 340 22 30 
422 1018 366 37 47 323 368 22 25 464 340 24 31 1132 358 30 26 
423 328 369 23 27 1029 367 42 48 465 340 25 29 
424 1145 355 30 30 1042 366 39 51 470 339 25 30 
425 1052 364 44 51 336 371 28 30 1157 356 27 27 
426 1065 360 47 51 337 372 29 27 
427 1078 362 41 46 1177 364 22 25 344 373 27 25 
428 1088 356 45 56 349 372 29 27 1178 367 25 25 
429 1094 358 47 53 1183 365 27 26 
430 1110 355 49 54 
431 1123 355 46 54 361 369 30 28 
432 1138 350 52 58 364 367 26 29 
433 368 369 26 27 1152 356 44 52 
434 372 368 30 30 1167 351 39 62 
435 377 368 29 31 
436 385 371 29 27 1196 356 40 54 
437 387 372 27 27 1215 358 45 54 
438 387 374 33 30 
439 391 374 34 30 
440 395 373 34 32 
441 400 373 31 33 
442 403 375 35 30 
443 407 373 34 31 
444 410 374 32 29 
445 
446 
447 
448 422 365 35 33 
449 
450 431 366 36 26 
451 
452 443 366 36 25 
453 
454 454 373 34 23 
455 455 373 40 24 
456 
457 
458 
459 480 377 37 28 
460 485 377 39 27 
461 
462 
463 
464 513 369 39 43 
465 
466 518 366 39 33 
467 530 367 35 33 
468 532 366 35 39 
469 
470 539 369 38 29 
471 
472 729 332 25 39 555 373 36 32 
473 559 373 41 35 735 331 32 35 
474 738 330 35 41 
475 740 334 37 37 565 375 44 39 
476 752 333 32 40 
477 758 336 35 40 578 370 43 40 
478 758 336 35 40 578 370 43 40 
479 758 336 35 40 578 370 43 40 
480 417 426 38 45 
481 430 426 31 43 
482 434 426 35 43 
483 442 432 33 30 
484 
485 
486 
487 
488 
489 
490 
491 
492 
493 
494 
495 
496 
497 
498 
499 
500 
501 
502 
503 
504 
505 
506 
507 
508 
509 
510 
511 
512 
513 
514 
515 
516 
517 
518 
519 
520 
521 
522 
523 
524 
525 
526 
527 
528 
529 
530 
531 
532 
533 
534 
535 
536 
537 
538 
539 
540 
541 
542 
543 
544 
545 
546 
547 
548 
549 
550 
551 
552 
553 
554 
555 
556 
557 
558 
559 
560 
561 
562 
563 
564 203 436 24 36 
565 
566 
567 
568 
569 
570 
571 
572 
573 
574 
575 
576 
577 
578 
579 
580 
581 
582 
583 
584 
585 
586 
587 
588 
589 
590 
591 
592 
593 
594 
595 
596 
597 
598 
599 
600 
601 
602 
603 
604 
605 
606 
607 
608 
609 161 458 35 33 
610 166 459 38 30 
611 174 458 38 32 
612 184 457 34 32 
613 189 458 37 32 
614 195 459 39 33 
615 204 459 37 33 
616 210 459 32 31 
617 219 462 32 33 
618 228 461 31 34 
619 233 460 36 35 
620 242 461 36 33 
621 
622 259 458 36 31 
623 268 458 35 29 
624 
625 282 449 37 39 
626 293 448 36 37 
627 301 448 33 33 
628 
629 320 449 31 30 
630 
631 
632 
633 
634 
635 
636 1175 152 86 90 
637 1194 164 83 84 
638 1033 205 43 68 
639 1012 205 47 71 
640 998 205 36 72 
641 983 206 39 67 
642 959 211 41 60 
643 
644 
645 
646 
647 
648 
649 
650 
651 
652 
653 787 216 33 52 
654 
655 
656 
657 
658 
659 
660 
661 
662 
663 
664 
665 
666 
667 
668 
669 
670 
671 
672 
673 
674 
675 
676 
677 459 196 32 60 
678 
679 
680 
681 284 285 77 131 
682 
683 
684 
685 
686 
687 
688 
689 
690 
691 
692 
693 
694 
695 
696 
697 
698 
699 
700 
701 
702 
703 
704 
705 
706 
707 
708 
709 
710 
711 
712 
713 
714 
715 
716 
717 
718 
719 
720 
721 
722 
723 
724 
725 
726 
727 
728 
729 
730 
731 
732 
733 
734 
735 
736 1184 186 31 29 
737 1178 181 33 34 
738 1173 181 31 32 
739 1165 186 26 27 
740 1163 181 26 32 
741 
742 
743 
744 1138 179 20 26 
745 
746 
747 
748 1117 181 22 31 
749 
750 1160 188 25 29 
751 1093 186 18 27 
752 1090 184 20 29 
753 
754 
755 
756 
757 
758 1114 182 24 28 
759 1106 183 22 27 
760 1041 180 21 22 
761 1091 185 24 27 1038 180 20 20 
762 1091 183 22 30 
763 1082 186 20 25 
764 
765 1068 187 22 29 
766 1064 186 24 28 
767 
768 1052 186 22 23 
769 
770 1041 186 25 25 
771 1039 182 22 27 
772 
773 
774 
775 
776 
777 
778 
779 
780 
781 
782 
783 
784 
785 
786 
787 
788 
789 
790 
791 
792 
793 
794 
795 
796 
797 
798 
799 
800 
801 
802 
803 
804 
805 
806 
807 
808 
809 
810 
811 
812 
813 
814 
815 
816 
817 
818 
819 
820 
821 
822 
823 
824 
825 
826 
827 
828 
829 
830 
831 
832 
833 
834 
835 
836 
837 
838 
839 
840 
841 
842 
843 
844 
845 
846 
847 
848 
849 
850 
851 
852 
853 
854 
855 
856 
857 
858 
859 
860 
861 
862 
863 
864 
865 
866 
867 
868 
869 
870 
871 
872 
873 
874 
875 
876 
877 
878 
879 
880 
881 
882 
883 
884 
885 
886 
887 
888 
889 
890 
891 
892 
893 
894 
895 
896 
897 
898 
899 
900 
901 
902 
903 
904 
905 
906 
907 
908 
909 
910 
911 
912 
913 
914 
915 
916 
917 
918 
919 
920 
921 
922 
923 
924 
925 
926 
927 
928 
929 
930 
931 
932 
933 
934 
935 
936 
937 
938 
939 
940 
941 
942 
943 
944 
945 
946 
947 
948 
949 
950 
951 
952 
953 
954 
955 
956 
957 
958 
959 
960 
961 
962 
963 
964 
965 
966 
967 
968 
969 
970 
971 
972 
973 
974 
975 
976 
977 
978 
979 
980 
981 
982 
983 
984 
985 
986 
987 
988 
989 
990 
991 
992 
993 
994 
995 
996 
997 
998 
999 
1000 
1001 
1002 
1003 
1004 
1005 
1006 
1007 
1008 
1009 
1010 
1011 
1012 
1013 
1014 
1015 
1016 
1017 
1018 
1019 
1020 
1021 
1022 
1023 
1024 
1025 
1026 
1027 
1028 
1029 
1030 
1031 
1032 
1033 
1034 
1035 1132 197 25 30 
1036 1122 198 30 27 
1037 1263 200 17 35 
1038 1114 197 31 32 
1039 1109 199 29 27 
1040 1110 199 25 26 
1041 1098 202 30 24 
1042 
1043 1088 201 31 24 
1044 1086 201 30 22 
1045 1080 201 30 24 
1046 1074 201 31 24 
1047 1071 199 29 26 
1048 1067 200 27 23 
1049 1064 198 26 24 
1050 1058 197 28 27 
1051 1056 197 26 26 
1052 1049 198 27 24 
1053 1045 199 24 24 1141 200 17 30 1227 207 25 23 
1054 1042 198 24 24 1265 207 15 40 
1055 1039 199 27 25 
1056 1034 199 26 25 1260 209 19 33 
1057 1029 199 29 26 
1058 1024 201 29 23 
1059 1019 201 26 24 
1060 1014 201 28 25 
1061 1011 201 27 25 
1062 1006 200 27 26 1171 202 25 25 
1063 999 200 28 26 1165 203 21 25 
1064 1157 201 25 26 997 200 28 26 
1065 993 199 26 25 1152 201 24 27 
1066 1147 202 26 24 989 197 26 26 
1067 983 198 25 25 1146 203 26 23 
1068 978 199 28 24 1141 203 20 24 
1069 975 202 29 23 1132 204 22 24 
1070 1127 204 23 26 973 202 26 23 
1071 1121 204 26 26 
1072 
1073 1112 206 20 23 
1074 1105 204 22 27 
1075 1103 204 23 25 
1076 
1077 1088 204 21 25 
1078 1084 204 25 24 
1079 1080 203 26 25 
1080 1110 198 21 24 
1081 
1082 1063 201 22 28 
1083 
1084 
1085 
1086 1083 196 21 25 
1087 1037 206 20 22 
1088 1031 204 23 25 
1089 1066 198 21 26 478 205 20 19 
1090 1062 197 21 25 478 205 20 20 
1091 1061 198 18 23 477 205 21 20 
1092 1055 199 22 22 477 205 19 19 
1093 475 205 18 19 
1094 474 204 18 19 1043 198 22 25 
1095 1040 197 21 26 475 205 19 20 
1096 474 204 18 19 1039 197 20 25 
1097 1034 196 22 25 475 204 17 18 
1098 
1099 
1100 
1101 474 204 14 17 
1102 
1103 
1104 
1105 
1106 
1107 
1108 
1109 
1110 478 209 16 16 
1111 477 208 17 17 
1112 477 207 18 17 
1113 475 206 19 17 
1114 
1115 
1116 
1117 
1118 
1119 
1120 
1121 
1122 
1123 
1124 
1125 
1126 
1127 
1128 
1129 
1130 
1131 
1132 
1133 
1134 
1135 
1136 
1137 
1138 
1139 
1140 
1141 
1142 
1143 
1144 
1145 
1146 
1147 
1148 
1149 
1150 574 208 18 19 
1151 
1152 
1153 1170 94 71 108 
1154 1128 97 72 103 
1155 1107 100 62 103 
1156 1073 96 65 105 
1157 1035 100 64 90 
1158 
1159 
1160 
1161 
1162 
1163 
1164 
1165 
1166 
1167 
1168 
1169 
1170 477 206 15 15 570 205 21 22 
1171 569 205 23 23 478 206 16 16 
1172 568 205 22 24 1115 202 18 25 
1173 568 206 22 23 1024 207 27 33 
1174 570 206 27 22 
1175 
1176 
1177 
1178 1088 203 21 22 
1179 
1180 
1181 
1182 
1183 
1184 1064 203 20 20 
1185 
1186 
1187 
1188 
1189 
1190 
1191 
1192 
1193 
1194 
1195 
1196 
1197 
1198 
1199 
1200 
1201 
1202 
1203 
1204 
1205 
1206 
1207 
1208 
1209 
1210 
1211 
1212 
1213 
1214 
1215 
1216 
1217 
1218 
1219 
1220 
1221 
1222 
1223 
1224 
1225 
1226 543 193 15 15 
1227 
1228 
1229 
1230 495 190 17 15 
1231 
1232 
1233 
1234 
1235 
1236 
1237 
1238 
1239 
1240 471 192 14 16 
1241 472 192 14 16 
1242 471 190 13 16 
1243 469 191 14 16 
1244 
1245 
1246 
1247 
1248 
1249 
1250 
1251 
1252 
1253 
1254 
1255 
1256 
1257 
1258 
1259 
1260 
1261 
1262 
1263 
1264 
1265 
1266 
1267 
1268 
1269 
1270 
1271 
1272 
1273 
1274 
1275 
1276 
1277 
1278 
1279 
1280 
1281 
1282 
1283 
1284 
1285 
1286 
1287 
1288 
1289 
1290 
1291 
1292 
1293 
1294 
1295 
1296 
1297 
1298 
1299 
1300 
1301 
1302 
1303 
1304 
1305 
1306 
1307 
1308 
1309 
1310 
1311 1128 199 16 17 
1312 1126 200 19 16 
1313 1124 199 23 20 
1314 1124 198 21 20 
1315 1123 197 20 23 
1316 
1317 
1318 
1319 
1320 
1321 1110 195 20 21 
1322 1108 195 22 22 
1323 
1324 
1325 
1326 
1327 
1328 
1329 
1330 
1331 
1332 18 255 34 24 
1333 
1334 
1335 1093 192 24 23 
1336 1094 192 22 21 
1337 1092 193 22 22 
1338 1091 194 22 21 
1339 1089 195 19 21 
1340 1088 195 18 20 
1341 
1342 
1343 
1344 
1345 
1346 
1347 
1348 
1349 
1350 
1351 
1352 
1353 
1354 
1355 
1356 1051 191 23 27 
1357 
1358 
1359 
1360 
1361 
1362 
1363 
1364 
1365 1028 189 27 25 
1366 1027 190 26 23 
1367 1024 191 27 21 
1368 1023 191 25 22 
1369 
1370 
1371 
1372 
1373 1008 195 22 19 
1374 
1375 1002 194 22 19 
1376 1000 195 21 18 
1377 994 192 25 22 
1378 990 189 26 21 1060 194 14 13 
1379 
1380 983 188 28 22 
1381 981 190 26 21 
1382 980 190 24 22 
1383 978 192 24 21 
1384 981 192 23 21 
1385 
1386 
1387 
1388 960 193 20 21 
1389 956 193 22 22 
1390 954 193 22 22 
1391 952 192 22 23 
1392 952 191 20 22 
1393 
1394 942 189 27 23 
1395 936 189 27 25 
1396 933 190 26 23 
1397 
1398 
1399 
1400 
1401 921 191 20 26 
1402 915 189 21 30 
1403 911 187 18 32 
1404 906 188 21 31 
1405 900 188 25 29 
1406 
1407 
1408 
1409 
1410 878 188 32 28 
1411 872 189 33 27 
1412 869 191 30 28 
1413 866 192 28 25 
1414 862 192 29 26 
1415 859 192 28 27 
1416 856 191 27 29 
1417 850 190 27 30 
1418 844 190 30 30 
1419 841 189 31 29 
1420 837 188 30 31 
1421 831 188 29 32 
1422 827 187 27 32 
1423 819 188 31 30 
1424 813 188 32 31 
1425 809 189 32 31 
1426 806 191 30 29 
1427 802 190 27 32 
1428 795 194 28 29 
1429 792 195 29 28 
1430 
1431 782 193 26 31 
1432 
1433 769 191 27 29 
1434 766 190 28 31 
1435 760 190 28 30 
1436 757 190 28 30 
1437 753 189 29 32 
1438 
1439 
1440 744 192 28 28 
1441 740 194 31 30 
1442 737 195 30 31 
1443 732 197 28 31 
1444 730 197 29 30 
1445 728 195 28 33 
1446 
1447 721 196 30 30 
1448 720 195 30 30 1234 191 24 24 
1449 717 193 31 32 
1450 
1451 
1452 
1453 1213 192 21 19 704 191 32 35 
1454 702 192 32 34 1208 192 24 21 
1455 701 193 31 34 
1456 
1457 
1458 694 197 32 30 
1459 693 198 32 31 1058 194 16 15 1186 192 24 19 
1460 1059 194 15 14 693 199 31 31 1185 194 21 16 
1461 691 200 31 31 
1462 689 201 33 30 
1463 
1464 
1465 
1466 
1467 528 192 18 21 
1468 
1469 
1470 1118 193 43 43 
1471 
1472 685 213 29 28 
1473 685 213 29 28 
1474 
1475 
1476 
1477 
1478 
1479 
1480 
1481 
1482 
1483 
1484 
1485 
1486 
1487 
1488 
1489 
1490 678 209 32 29 
1491 
1492 676 210 32 29 
1493 676 210 31 29 
1494 675 209 31 30 
1495 675 209 31 30 
1496 672 211 29 30 
1497 671 212 30 29 
1498 669 212 30 28 935 202 43 52 1095 194 17 13 
1499 668 213 29 26 
1500 664 213 31 27 
1501 661 212 32 29 905 205 47 46 
1502 660 214 32 25 
1503 656 214 34 24 
1504 656 213 34 25 877 211 48 42 
1505 655 214 35 23 
1506 653 213 36 22 
1507 651 212 36 23 843 214 53 50 
1508 648 211 39 25 
1509 
1510 
1511 
1512 647 202 25 35 
1513 645 201 27 35 
1514 643 200 29 34 
1515 641 198 31 34 1114 191 15 14 
1516 639 198 30 31 
1517 637 195 30 31 
1518 636 194 31 32 
1519 635 194 34 31 1065 190 18 17 
1520 636 193 32 33 1065 190 20 18 
1521 636 195 33 32 1065 190 20 18 
1522 640 196 32 32 
1523 
1524 640 202 31 31 
1525 
1526 
1527 1130 190 15 14 
1528 
1529 
1530 643 207 33 35 
1531 641 207 34 35 
1532 644 211 29 32 
1533 
1534 
1535 
1536 646 215 26 30 
1537 646 214 26 31 
1538 646 216 26 30 
1539 647 216 25 30 
1540 647 216 26 31 1151 186 17 17 
1541 647 217 28 29 1153 186 16 17 
1542 647 218 29 28 1155 185 17 18 
1543 647 218 28 28 1155 185 18 19 
1544 647 217 28 29 1156 185 19 19 
1545 647 217 29 29 1158 186 18 18 
1546 1156 187 19 17 648 217 28 29 
1547 1157 188 19 17 648 217 29 29 
1548 1157 188 20 17 648 217 29 27 
1549 1157 188 19 16 648 217 29 27 
1550 1158 188 20 16 648 216 34 27 1076 183 17 15 
1551 1159 188 20 17 1076 183 18 16 648 215 34 27 
1552 1159 188 19 16 648 215 35 27 1076 183 17 16 
1553 1160 187 19 16 1076 183 17 15 648 213 35 28 1252 191 19 25 
1554 1164 186 19 17 1076 184 17 14 647 212 36 29 1251 192 18 25 
1555 1076 184 18 15 1164 183 19 19 647 212 36 28 1248 193 20 23 
1556 1165 183 18 19 1076 183 19 16 647 212 37 27 1243 195 20 22 
1557 1165 182 21 20 1076 183 19 16 1243 195 19 20 647 212 37 27 
1558 1166 181 22 22 1238 195 22 20 1076 183 18 16 
1559 1236 194 21 20 1167 181 24 22 1075 183 20 16 
1560 1076 182 20 16 1236 194 22 18 1172 180 20 21 647 211 31 27 
1561 1076 181 20 18 1236 193 21 15 1173 181 19 19 647 211 30 27 
1562 1077 181 20 18 1174 182 17 18 647 211 29 27 
1563 1078 181 20 17 1175 182 17 17 647 211 30 27 
1564 1079 181 20 17 1176 182 17 17 647 210 30 28 1238 191 19 18 
1565 1177 181 18 19 1080 181 20 16 647 210 30 29 
1566 1079 180 21 17 1178 183 17 16 647 210 31 28 
1567 1080 180 20 17 1080 180 20 17 
1568 1080 180 21 18 1230 194 22 18 
1569 1080 179 23 20 1228 195 23 19 
1570 1082 180 23 19 
1571 1083 180 22 19 1226 195 25 20 
1572 1083 181 23 19 1226 195 24 19 
1573 1085 180 21 20 
1574 1087 181 21 20 
1575 1089 179 20 23 
1576 1092 180 20 22 
1577 1095 181 18 22 
1578 1095 181 20 21 
1579 1095 181 20 21 1216 189 21 21 
1580 1215 190 24 21 
1581 
1582 
1583 1208 193 26 21 
1584 1208 194 25 21 
1585 
1586 
1587 1261 188 16 30 1206 194 20 22 
1588 1260 187 16 30 
1589 1258 187 19 30 
1590 1254 186 24 30 1201 191 27 26 
1591 1253 186 26 29 
1592 1252 185 27 29 
1593 1251 185 28 29 
1594 1250 185 29 28 
1595 1248 184 30 29 1187 196 22 19 
1596 1248 184 29 29 
1597 1246 184 31 29 
1598 1246 184 31 29 619 189 29 31 
1599 1245 184 32 30 613 191 30 28 
1600 1246 183 30 32 609 188 27 33 1175 195 31 28 
1601 1246 184 30 31 608 188 25 33 1173 196 32 27 1212 187 21 19 
1602 604 189 28 33 1246 184 30 30 1173 197 30 26 1213 187 20 19 
1603 1245 184 30 30 1171 197 30 25 602 189 30 33 1211 186 22 20 
1604 1245 183 31 31 595 188 34 35 1170 197 30 26 1210 186 23 20 
1605 1244 182 32 31 1169 195 30 29 593 189 32 33 1210 187 23 19 
1606 1243 182 32 30 586 189 33 35 1210 188 23 18 1169 194 29 29 
1607 583 189 31 34 1242 180 31 31 1208 188 22 17 
1608 578 188 31 36 1205 187 22 17 1070 192 17 23 1242 179 31 32 1169 194 21 23 
1609 570 189 31 33 1168 192 21 25 1201 185 26 21 
1610 567 187 30 37 1201 184 27 23 1165 191 22 28 1232 175 41 32 
1611 560 188 30 35 1162 189 24 30 1232 174 40 33 
1612 1159 189 27 31 1225 172 46 37 554 188 28 36 1200 174 29 30 
1613 1157 189 26 30 543 187 33 36 1220 172 48 37 1200 174 33 28 
1614 1152 189 30 30 538 188 31 32 1216 172 49 36 
1615 1148 189 29 31 1215 170 47 39 531 185 31 35 
1616 1148 189 29 31 1215 170 47 39 531 185 31 35 
1617 1148 189 29 31 1215 170 47 39 531 185 31 35 
1618 1155 339 32 55 
1619 1143 340 38 52 
1620 1127 340 38 53 
1621 
1622 1104 344 39 51 
1623 
1624 
1625 
1626 
1627 
1628 
1629 
1630 
1631 
1632 
1633 
1634 
1635 
1636 1223 393 56 65 
1637 
1638 1171 384 94 80 
1639 1144 381 99 79 
1640 1130 380 86 80 
1641 1113 375 81 74 
1642 1094 382 87 71 
1643 1074 372 81 79 
1644 1057 381 75 74 
1645 1040 386 70 66 
1646 1018 385 66 66 
1647 995 388 68 66 
1648 974 395 82 72 
1649 
1650 1227 278 50 47 934 394 78 70 
1651 1219 274 43 55 920 399 65 67 
1652 1206 283 43 45 894 392 64 62 
1653 1193 275 43 56 874 388 55 66 
1654 1182 281 42 49 849 384 54 58 
1655 1171 273 35 59 828 381 57 64 
1656 1157 277 42 52 810 380 62 62 
1657 1145 277 39 52 788 373 64 66 
1658 1132 280 43 46 775 374 56 66 
1659 1121 276 43 49 743 375 68 65 
1660 1104 275 49 51 724 374 76 74 
1661 711 369 66 73 1101 278 42 48 
1662 1088 277 46 47 701 376 64 62 
1663 1075 280 47 44 688 376 60 62 
1664 680 374 48 61 
1665 
1666 
1667 
1668 
1669 
1670 
1671 
1672 
1673 
1674 533 353 36 62 
1675 513 353 38 63 
1676 
1677 482 351 40 67 348 353 29 60 
1678 
1679 463 356 39 69 
1680 436 358 38 67 
1681 436 362 34 60 
1682 414 364 37 58 
1683 
1684 
1685 354 359 40 63 
1686 344 360 36 64 
1687 344 369 30 58 
1688 318 365 38 59 
1689 
1690 
1691 
1692 275 365 32 58 
1693 
1694 247 357 32 55 1184 255 37 62 
1695 1167 255 37 62 
1696 1147 256 41 64 
1697 1133 264 38 64 
1698 1111 269 47 58 
1699 1091 273 47 69 
1700 1072 280 41 56 
1701 1049 284 51 57 
1702 1037 285 49 55 
1703 1021 287 41 53 
1704 1006 285 37 57 
1705 995 283 35 53 
1706 978 280 32 44 
1707 965 275 29 53 
1708 946 275 37 49 
1709 932 273 34 53 435 342 29 29 
1710 915 272 37 53 
1711 895 271 44 56 
1712 883 272 38 59 416 340 30 30 
1713 867 271 43 61 
1714 852 277 40 60 410 341 29 26 
1715 838 279 38 66 407 342 31 25 
1716 821 281 41 59 
1717 803 285 38 55 399 343 27 26 162 362 55 58 
1718 786 283 39 65 391 342 31 29 158 360 58 61 
1719 768 280 44 72 
1720 758 286 40 57 
1721 742 283 46 59 
1722 725 284 40 59 
1723 714 285 35 58 
1724 694 279 44 65 
1725 684 279 31 62 
1726 665 284 33 52 
1727 652 282 35 55 
1728 640 282 33 53 
1729 631 283 37 53 
1730 614 285 39 53 
1731 597 285 43 55 
1732 588 289 36 53 
1733 573 288 40 55 
1734 567 292 32 56 
1735 551 292 39 56 
1736 533 301 39 47 
1737 526 300 35 49 
1738 517 300 31 53 
1739 508 302 29 47 
1740 492 300 33 47 
1741 483 299 34 47 
1742 473 299 31 44 
1743 468 291 25 50 
1744 454 292 31 45 1118 160 16 31 
1745 446 291 30 47 597 314 17 19 
1746 437 291 28 47 
1747 423 292 34 47 
1748 
1749 
1750 394 300 33 44 
1751 
1752 372 305 29 48 
1753 
1754 
1755 
1756 
1757 
1758 
1759 
1760 
1761 
1762 
1763 
1764 
1765 
1766 
1767 
1768 
1769 
1770 
1771 
1772 
1773 
1774 
1775 
1776 
1777 
1778 
1779 
1780 
1781 
1782 
1783 
1784 
1785 
1786 
1787 
1788 
1789 
1790 
1791 
1792 
1793 
1794 
1795 
1796 
1797 
1798 
1799 
1800 
1801 
1802 
1803 
1804 
1805 
1806 
1807 
1808 
1809 
1810 
1811 
1812 
1813 
1814 
1815 
1816 
1817 
1818 
1819 
1820 
1821 
1822 
1823 
1824 
1825 
1826 
1827 
1828 
1829 
1830 
1831 
1832 
1833 
1834 
1835 
1836 343 301 34 57 
1837 
1838 
1839 295 294 37 71 
1840 
1841 
1842 
1843 
1844 
1845 
1846 
1847 
1848 1160 343 36 41 
1849 
1850 
1851 
1852 
1853 
1854 
1855 
1856 
1857 
1858 
1859 
1860 
1861 
1862 
1863 
1864 1003 337 35 35 
1865 
1866 
1867 
1868 962 339 37 49 
1869 951 339 40 55 
1870 948 343 34 46 
1871 
1872 
1873 
1874 
1875 
1876 
1877 883 330 29 52 
1878 875 329 31 53 
1879 
1880 
1881 
1882 
1883 
1884 822 327 36 57 
1885 814 329 34 54 
1886 810 337 28 50 
1887 
1888 788 340 29 49 
1889 
1890 551 262 17 14 
1891 
1892 
1893 
1894 
1895 
1896 
1897 
1898 
1899 
1900 
1901 
1902 
1903 
1904 
1905 
1906 
1907 
1908 
1909 
1910 
1911 
1912 
1913 548 249 25 15 
1914 546 246 27 20 
1915 
1916 
1917 
1918 
1919 
1920 
1921 
1922 524 238 30 27 
1923 522 238 26 26 
1924 520 239 23 25 
1925 
1926 
1927 
1928 
1929 
1930 
1931 
1932 1061 311 93 77 
1933 
1934 
1935 
1936 963 311 91 76 
1937 1129 343 40 39 
1938 1116 339 44 48 
1939 1107 342 36 42 1213 282 45 55 915 309 94 82 
1940 1093 339 39 44 910 310 85 86 1206 285 35 48 
1941 1086 335 38 46 877 324 81 81 
1942 1073 332 41 47 863 320 81 90 
1943 1058 333 51 45 859 323 78 87 
1944 1051 332 44 47 835 328 79 79 
1945 1039 334 45 43 818 324 78 81 
1946 1028 332 47 47 775 324 94 79 
1947 1017 333 45 44 766 310 91 90 
1948 1008 335 45 45 
1949 996 336 46 42 733 311 79 82 
1950 985 337 43 42 718 302 78 91 
1951 972 337 44 42 691 309 85 77 
1952 964 344 35 39 679 301 83 82 
1953 949 341 44 43 663 303 87 79 
1954 
1955 
1956 
1957 
1958 
1959 
1960 528 303 77 85 
1961 
1962 494 310 66 75 
1963 472 309 79 75 
1964 
1965 
1966 
1967 
1968 
1969 
1970 347 309 72 85 
1971 337 306 69 88 
1972 
1973 303 309 68 93 
1974 
1975 
1976 
1977 339 272 34 51 
1978 
1979 
1980 338 281 26 34 
1981 337 282 27 31 
1982 334 281 28 31 
1983 
1984 
1985 
1986 
1987 
1988 307 284 32 29 
1989 
1990 
1991 
1992 291 284 24 30 
1993 
1994 
1995 
1996 
1997 274 294 31 31 
1998 
1999 
2000 
2001 
2002 
2003 
2004 
2005 
2006 
2007 
2008 
2009 
2010 
2011 
2012 
2013 
2014 
2015 
2016 
2017 
2018 
2019 
2020 
2021 368 357 35 35 
2022 359 357 35 39 
2023 350 358 34 39 
2024 349 358 31 37 
2025 337 361 32 34 
2026 335 363 30 34 
2027 
2028 317 364 30 33 
2029 319 365 24 35 
2030 
2031 
2032 
2033 295 366 26 30 
2034 
2035 279 365 25 33 
2036 272 366 25 29 
2037 269 366 26 26 
2038 
2039 
2040 250 366 23 24 
2041 244 366 22 24 
2042 1170 390 44 60 
2043 
2044 
2045 221 371 27 25 
2046 214 373 28 23 
2047 
2048 
2049 200 372 25 28 
2050 
2051 181 370 25 30 
2052 181 371 25 28 
2053 1212 380 59 103 175 369 29 30 
2054 168 369 30 26 
2055 1148 382 101 110 
2056 157 368 22 28 1123 380 87 109 
2057 1103 387 82 93 153 370 24 24 
2058 1061 381 88 101 
2059 1030 379 88 96 
2060 1007 364 83 95 
2061 978 361 86 99 
2062 952 349 76 100 
2063 910 350 81 97 
2064 872 342 81 112 
2065 
2066 822 407 84 118 
2067 809 345 73 100 
2068 767 353 73 89 
2069 
2070 717 360 78 94 
2071 
2072 659 364 83 86 
2073 
2074 1196 222 78 94 
2075 1166 221 96 84 
2076 
2077 1109 222 84 87 
2078 
2079 1046 231 91 104 
2080 1009 240 98 97 
2081 
2082 
2083 
2084 
2085 
2086 
2087 
2088 700 204 106 117 
2089 
2090 
2091 
2092 
2093 
2094 431 191 88 142 
2095 
2096 
2097 
2098 
2099 
2100 
2101 
2102 
2103 
2104 
2105 
2106 
2107 
2108 
2109 
2110 
2111 
2112 
2113 
2114 
2115 
2116 
2117 
2118 
2119 
2120 
2121 
2122 
2123 
2124 
2125 
2126 
2127 
2128 
2129 
2130 
2131 
2132 
2133 
2134 
2135 
2136 
2137 
2138 
2139 
2140 
2141 
2142 
2143 
2144 
2145 
2146 
2147 
2148 
2149 1242 346 37 42 
2150 1239 346 38 44 
2151 1228 349 49 45 
2152 1228 354 47 43 
2153 1227 352 47 49 
2154 1224 352 49 50 
2155 1222 355 47 47 
2156 1219 355 46 47 
2157 1215 357 47 45 
2158 1213 357 46 44 
2159 1211 357 46 44 
2160 1209 356 47 45 
2161 1207 356 44 42 
2162 1207 358 41 40 
2163 1206 359 40 40 
2164 1204 360 40 40 
2165 1199 362 42 39 
2166 1196 363 45 39 
2167 1194 365 42 37 
2168 
2169 
2170 
2171 
2172 
2173 
2174 
2175 
2176 
2177 
2178 
2179 
2180 
2181 
2182 
2183 
2184 
2185 
2186 
2187 
2188 
2189 1076 383 40 73 
2190 
2191 
2192 
2193 
2194 
2195 
2196 
2197 
2198 
2199 
2200 
2201 
2202 
2203 
2204 
2205 
2206 
2207 
2208 
2209 
2210 
2211 
2212 
2213 
2214 
2215 
2216 
2217 
2218 706 427 34 46 
2219 691 424 34 53 
2220 674 425 38 56 
2221 655 428 40 52 
2222 648 432 42 54 
2223 634 433 41 52 
2224 
2225 602 432 45 57 
2226 
2227 578 429 42 49 258 353 30 29 
2228 558 426 40 52 
2229 
2230 539 417 42 55 538 414 40 55 
2231 
2232 503 417 53 65 
2233 
2234 480 422 45 55 
2235 
2236 
2237 
2238 
2239 
2240 
2241 1169 413 106 96 156 225 67 72 
2242 1170 413 106 96 144 234 73 68 
2243 1171 412 106 96 124 236 78 63 
2244 1171 412 106 97 114 230 61 73 
2245 1172 413 105 96 96 235 75 69 
2246 1173 413 103 95 78 231 71 72 
2247 1173 413 104 97 53 227 79 77 
2248 1174 414 103 97 38 221 82 83 
2249 1174 415 104 95 23 217 75 81 
2250 1174 415 103 93 2 216 76 78 
2251 1173 415 104 94 0 210 56 93 
2252 1173 415 105 94 
2253 1174 415 104 94 
2254 1174 415 104 94 
2255 1174 415 104 93 
2256 1174 415 103 93 
2257 1174 415 104 92 650 190 23 24 
2258 1175 415 102 92 649 188 23 24 
2259 1175 414 102 92 210 351 52 59 648 187 23 23 
2260 1175 414 102 92 645 186 25 23 214 350 50 60 
2261 1175 413 102 92 642 187 28 22 
2262 1175 413 101 92 640 185 27 24 
2263 1175 412 100 93 638 186 29 24 
2264 1175 412 100 93 636 185 30 24 
2265 1173 412 102 93 634 185 28 24 
2266 1171 412 105 92 631 185 30 22 
2267 1171 411 105 91 630 185 29 22 
2268 1171 410 105 91 629 186 28 21 
2269 1172 410 104 92 628 186 28 21 
2270 1171 409 104 92 
2271 1169 408 106 91 
2272 1168 408 106 90 694 169 30 24 
2273 1167 408 107 89 
2274 1166 407 107 89 
2275 1165 407 108 89 
2276 1163 407 109 88 
2277 1162 406 110 89 612 178 29 25 
2278 1160 405 111 90 611 176 27 26 
2279 1158 405 113 89 
2280 1155 403 114 91 
2281 1153 403 113 91 
2282 1149 402 117 92 
2283 1145 401 120 92 595 177 25 29 
2284 1143 401 118 91 591 176 25 31 
2285 1137 401 121 90 1010 255 31 58 586 176 26 30 
2286 1132 400 124 90 1010 256 31 56 582 175 27 34 
2287 1131 392 118 95 
2288 1130 393 115 92 1005 256 36 55 570 181 34 29 
2289 1128 393 116 90 567 180 33 30 1001 257 35 54 
2290 1127 392 114 90 562 179 32 26 
2291 1127 391 101 91 996 255 41 56 559 177 31 26 
2292 1125 389 104 93 555 175 30 28 
2293 1124 388 103 94 548 172 31 32 
2294 1122 386 102 96 547 171 29 32 632 151 32 27 
2295 1122 386 101 95 
2296 1119 385 103 95 
2297 1117 384 103 96 
2298 1117 383 103 97 535 172 31 26 
2299 1116 383 103 96 531 171 35 28 
2300 1114 382 105 96 
2301 1114 383 103 96 
2302 1113 382 103 97 
2303 1113 382 103 97 
2304 1112 383 104 96 
2305 1112 383 104 95 522 178 32 26 599 151 24 33 
2306 1112 383 104 95 522 176 31 28 
2307 1113 384 104 95 522 177 29 28 
2308 1113 384 105 94 523 176 24 28 594 149 22 30 
2309 1114 384 105 94 520 176 27 27 593 149 23 31 
2310 1115 383 105 95 517 175 30 27 589 150 24 29 
2311 1115 383 107 96 515 173 30 27 589 150 24 29 
2312 1116 382 106 97 511 174 31 26 
2313 1118 383 105 95 509 174 30 27 
2314 1119 382 104 96 508 177 32 22 
2315 1121 383 104 95 
2316 1124 382 101 96 
2317 1125 382 101 95 593 154 29 32 
2318 1125 383 103 95 593 153 30 31 
2319 1126 383 102 94 83 327 43 54 595 153 28 31 495 180 35 29 
2320 1126 384 104 92 595 153 28 31 
2321 1127 385 102 91 593 152 32 31 487 178 40 33 
2322 1126 385 105 91 481 177 45 35 590 147 32 34 
2323 1131 386 106 89 589 148 35 31 478 176 44 36 
2324 1131 387 107 87 587 148 35 31 477 171 36 42 
2325 1131 388 108 86 586 146 35 33 474 176 31 32 
2326 1133 388 107 86 582 145 39 36 470 175 37 33 
2327 1133 388 109 87 467 175 38 32 581 143 38 39 
2328 1134 387 109 89 466 176 35 30 580 145 37 37 
2329 1135 386 110 90 465 174 37 33 579 148 37 41 
2330 1136 385 111 91 460 175 40 33 575 149 40 39 
2331 1137 384 111 92 459 175 41 33 574 150 39 38 
2332 1139 384 111 93 566 151 44 37 459 175 41 34 
2333 1139 383 113 95 564 150 43 38 461 176 32 37 
2334 1141 383 114 95 563 149 41 38 459 177 34 36 
2335 1142 382 113 96 562 149 40 37 455 178 36 35 
2336 1145 383 113 96 451 179 40 36 560 148 39 38 
2337 1145 383 115 96 450 178 39 39 560 149 39 36 
2338 1148 383 112 97 555 147 41 39 445 178 40 38 
2339 1149 383 113 97 550 143 44 41 445 178 39 37 
2340 1151 383 111 97 549 140 43 44 445 178 36 37 
2341 1152 383 112 97 549 138 41 44 
2342 1154 383 112 97 549 138 39 44 439 171 43 41 
2343 1156 382 111 100 546 138 43 44 435 171 44 42 
2344 1157 383 112 99 546 140 42 42 431 172 43 39 
2345 1159 382 110 100 543 141 43 44 426 173 42 38 
2346 1160 383 112 100 541 143 44 43 423 171 42 42 1027 252 30 56 
2347 1161 384 113 100 541 144 41 46 421 171 37 42 1027 253 33 54 
2348 1163 385 111 99 540 145 42 46 418 174 35 41 1026 244 41 60 
2349 1163 385 111 98 539 145 42 47 411 175 37 42 1027 244 40 59 
2350 1164 387 111 97 402 176 42 44 538 144 42 45 1029 250 36 60 
2351 1165 387 111 97 534 143 46 42 389 178 49 47 1031 251 37 59 
2352 1166 386 111 98 386 178 45 47 531 142 46 44 1032 251 36 59 
2353 1167 387 109 97 383 178 43 49 526 138 46 48 1030 251 39 58 
2354 1168 388 109 96 523 135 47 50 380 181 42 49 1032 250 37 59 
2355 1169 389 108 94 520 135 48 49 374 182 42 53 1033 252 36 58 
2356 1170 388 108 96 369 184 38 49 516 134 46 50 1033 251 37 60 
2357 512 134 48 51 1171 388 107 95 360 184 41 51 1034 253 37 56 
2358 507 132 50 52 1172 387 106 96 351 181 44 54 1033 253 38 56 
2359 502 133 50 51 1172 387 105 96 346 178 43 55 1033 252 39 58 
2360 339 178 45 51 1173 387 105 96 497 134 49 52 1034 251 38 58 
2361 332 176 44 54 1175 388 102 94 489 138 52 50 1035 250 36 60 
2362 327 178 42 52 1175 388 101 94 484 137 51 54 1035 252 37 57 
2363 322 177 41 53 1175 389 101 93 478 140 49 55 1036 252 37 57 
2364 314 178 43 52 1176 389 100 93 471 141 46 54 1036 251 38 58 
2365 304 178 47 53 462 139 48 61 1176 389 100 92 1036 251 38 59 
2366 1176 388 100 93 296 178 51 55 451 140 52 57 1040 253 41 52 
2367 1176 387 100 95 296 181 38 55 443 139 51 55 1041 252 41 53 
2368 286 182 43 56 1177 387 98 95 438 137 49 55 1042 253 39 52 
2369 272 182 51 58 1177 387 99 94 429 136 49 55 1042 253 39 51 
2370 264 184 45 58 421 133 51 56 1178 385 98 95 1042 254 39 49 
2371 256 187 45 56 413 128 52 59 1178 386 98 94 1042 254 39 49 
2372 406 124 54 63 247 188 45 56 1178 386 98 92 1042 254 39 49 
2373 233 187 48 58 1178 386 98 92 397 121 55 65 1041 253 39 50 
2374 224 185 49 59 1179 386 97 91 390 121 54 65 1041 253 40 50 
2375 212 185 52 59 386 120 53 66 1180 385 95 91 1042 247 44 54 
2376 200 182 50 61 377 121 56 67 1181 386 93 90 1043 246 43 56 
2377 367 121 61 69 191 180 51 62 1181 386 93 89 1045 245 42 58 
2378 359 125 62 66 177 179 53 64 1181 386 93 89 1044 245 42 58 
2379 352 125 60 72 167 179 55 62 1181 386 93 89 1045 246 40 57 
2380 342 127 65 71 153 178 52 66 1181 385 93 90 1047 246 39 55 
2381 141 180 54 64 332 127 66 68 1181 385 93 89 1047 246 39 53 
2382 128 184 52 64 325 126 66 74 1181 385 94 89 1047 245 41 55 
2383 313 122 71 80 114 187 53 63 1182 385 93 89 1047 245 42 57 
2384 303 121 67 82 1182 385 93 89 96 187 59 71 1048 245 41 56 
2385 85 192 52 66 289 116 70 86 1182 385 93 89 1048 244 41 57 
2386 280 121 69 73 63 197 65 66 1182 385 93 90 1049 245 40 56 
2387 51 195 55 75 1182 385 93 90 264 119 68 71 1049 244 40 58 
2388 246 113 68 79 1182 384 94 91 27 198 65 71 1051 245 39 58 
2389 232 111 72 80 1181 385 94 90 13 203 61 67 1051 245 39 58 
2390 216 111 75 86 0 200 57 74 1182 385 93 90 1052 244 38 60 
2391 196 112 77 86 1182 385 93 91 1053 244 37 59 0 202 36 71 
2392 182 111 72 93 1182 386 93 90 1052 244 39 59 
2393 163 116 74 90 1053 244 39 58 1182 386 93 90 
2394 143 120 74 95 1053 245 39 56 1183 387 92 89 
2395 125 119 75 102 1054 244 40 57 1187 390 92 88 
2396 103 125 73 95 1056 245 37 57 1187 390 92 88 
2397 78 127 82 98 1057 245 37 58 1188 389 91 89 
2398 50 127 86 97 1057 247 40 55 1188 390 91 89 
2399 26 124 88 104 1057 246 41 57 1188 391 91 89 
2400 1056 246 43 55 10 122 81 99 1188 391 91 91 
2401 0 118 69 108 1188 390 91 92 1057 246 42 56 
2402 1057 246 42 56 1188 391 92 92 0 118 31 103 
2403 1189 391 91 92 1057 245 43 58 
2404 1189 391 91 93 1058 244 43 60 
2405 1191 392 89 91 1058 244 41 61 
2406 1193 390 86 93 1061 249 37 59 
2407 1194 391 86 93 1060 252 39 57 
2408 1194 392 86 92 1061 252 38 57 
2409 1195 391 85 95 1061 251 38 60 
2410 1198 390 82 98 1061 252 38 58 
2411 1202 395 78 101 1064 253 41 56 
2412 1201 396 78 100 1065 254 40 55 
2413 1064 255 42 53 1203 396 76 100 
2414 1203 397 76 98 1064 255 42 54 
2415 1204 398 75 97 1065 256 41 53 
2416 1206 400 73 94 1067 256 40 54 
2417 1208 401 71 94 1070 256 39 56 
2418 1071 255 38 58 1211 401 68 95 
2419 1070 256 39 57 1215 401 64 97 
2420 1071 257 39 57 1215 401 65 98 
2421 1073 256 38 59 1215 401 65 98 
2422 1073 255 38 62 1216 399 64 103 
2423 1216 400 64 107 1076 257 36 61 
2424 1216 401 64 108 1076 256 37 63 
2425 1218 399 62 113 1077 257 37 62 
2426 1219 399 61 116 1078 257 38 62 
2427 1220 401 60 113 1077 264 37 57 
2428 1221 402 59 111 1077 264 37 58 
2429 1222 401 58 114 1079 262 37 63 
2430 1224 402 55 111 
2431 1224 403 56 112 1084 264 32 61 
2432 1081 265 37 62 1225 402 55 115 
2433 1225 405 55 114 1083 265 33 63 
2434 1082 267 36 60 1226 408 54 110 
2435 1083 268 38 59 1228 407 52 113 
2436 1082 267 38 61 1232 407 47 114 
2437 1084 267 39 63 
2438 1083 268 41 61 
2439 1084 270 40 58 
2440 1085 269 39 61 
2441 1084 268 38 66 
2442 
2443 1090 283 40 51 
2444 1091 284 39 51 
2445 1092 285 39 51 
2446 1093 286 38 53 
2447 1095 286 39 54 
2448 1099 285 36 55 
2449 1100 283 36 59 
2450 1102 282 35 59 
2451 1105 277 35 67 
2452 1107 279 36 63 
2453 1107 281 37 62 
2454 1108 282 38 61 
2455 1109 281 38 64 
2456 1110 281 37 65 
2457 
2458 1117 295 40 52 
2459 1122 294 38 56 
2460 1125 293 36 58 
2461 
2462 1130 295 41 53 
2463 1132 296 39 54 
2464 1136 296 36 57 
2465 1139 299 42 50 
2466 1145 300 37 54 
2467 1149 300 39 57 
2468 1151 301 40 57 
2469 1152 302 43 57 
2470 1155 307 45 54 
2471 
2472 1165 306 45 58 
2473 1168 307 49 59 
2474 1170 309 51 56 
2475 
2476 
2477 
2478 
2479 
2480 
2481 
2482 
2483 
2484 
2485 
2486 
2487 
2488 
2489 
2490 
2491 
2492 
2493 
2494 1191 313 38 57 
2495 1180 313 43 59 
2496 1179 314 46 58 
2497 1178 315 44 59 
2498 1177 313 44 59 
2499 1175 311 44 63 
2500 1174 312 44 60 
2501 1174 312 40 60 
2502 1175 310 38 62 
2503 1172 309 38 60 
2504 1169 311 37 54 
2505 
2506 
2507 
2508 
2509 
2510 
2511 
2512 
2513 
2514 
2515 
2516 
2517 
2518 
2519 
2520 
2521 
2522 
2523 
2524 
2525 
2526 
2527 
2528 
2529 
2530 
2531 
2532 
2533 
2534 
2535 
2536 
2537 
2538 
2539 
2540 
2541 
2542 
2543 
2544 
2545 
2546 
2547 
2548 
2549 
2550 
2551 
2552 
2553 
2554 
2555 
2556 
2557 
2558 
2559 
2560 
2561 
2562 
2563 
2564 
2565 
2566 
2567 
2568 
2569 
2570 
2571 
2572 
2573 
2574 
2575 
2576 
2577 
2578 
2579 
2580 
2581 
2582 
2583 
2584 
2585 
2586 
2587 
2588 
2589 
2590 
2591 
2592 
2593 
2594 
2595 
2596 
2597 
2598 
2599 
2600 
2601 
2602 
2603 
2604 
2605 
2606 
2607 
2608 
2609 827 213 29 24 
2610 
2611 
2612 
2613 
2614 
2615 
2616 
2617 
2618 
2619 
2620 
2621 
2622 
2623 
2624 
2625 790 211 32 29 
2626 787 210 32 30 
2627 
2628 
2629 
2630 
2631 776 193 32 43 
2632 
2633 761 196 45 38 
2634 760 196 42 39 
2635 755 197 49 40 
2636 753 196 44 43 
2637 751 199 44 40 
2638 753 205 36 36 
2639 750 205 36 36 
2640 742 205 39 41 
2641 740 203 38 41 
2642 733 201 43 43 
2643 730 198 44 43 
2644 727 197 41 42 
2645 724 194 41 45 
2646 720 193 42 42 
2647 715 192 42 42 
2648 710 192 42 40 
2649 705 192 45 43 
2650 701 191 45 47 
2651 694 192 46 47 
2652 687 194 47 48 
2653 682 198 47 50 
2654 675 199 46 50 
2655 669 198 45 52 
2656 660 199 44 49 
2657 650 195 49 47 
2658 644 194 44 49 
2659 632 193 46 47 
2660 624 191 46 48 
2661 618 188 47 50 1155 316 36 42 
2662 610 187 45 51 
2663 601 185 47 52 1154 315 37 43 
2664 589 187 47 51 
2665 582 188 48 53 
2666 573 191 50 51 
2667 561 194 52 56 
2668 554 199 49 53 
2669 542 201 51 54 
2670 530 201 51 55 
2671 516 199 54 58 
2672 507 199 52 58 
2673 495 197 54 59 
2674 479 194 57 62 1161 304 33 47 
2675 469 191 57 65 
2676 457 190 60 64 
2677 448 188 55 60 
2678 431 187 64 60 
2679 421 186 61 65 1173 297 31 60 
2680 406 188 67 64 1173 297 34 55 
2681 393 191 65 67 1173 298 36 52 
2682 378 198 65 65 1175 295 34 56 
2683 366 204 63 65 1176 295 34 56 
2684 346 207 68 65 1175 295 37 55 
2685 329 206 72 71 1178 295 38 52 
2686 317 203 67 79 1176 295 39 52 
2687 287 204 76 74 1178 293 41 54 
2688 273 203 75 75 1177 286 44 59 
2689 248 197 84 80 1178 285 44 58 
2690 227 196 84 78 1176 284 48 57 
2691 227 196 84 78 1176 284 48 57 
2692 227 196 84 78 1176 284 48 57 
2693 594 210 27 31 669 218 19 20 
2694 591 210 26 29 661 214 19 22 968 225 18 17 770 212 28 37 
2695 585 207 26 34 827 250 38 39 658 214 20 23 970 227 22 19 765 213 25 31 1088 223 16 15 909 218 19 22 967 226 18 16 
2696 648 216 21 22 833 252 37 34 766 215 25 30 969 225 22 21 907 217 20 22 
2697 646 214 18 23 838 253 34 33 967 226 21 20 569 206 29 33 1089 221 18 16 1089 221 18 16 
2698 1085 222 20 17 568 204 28 31 841 254 33 33 964 227 19 19 663 166 42 70 
2699 653 164 55 68 1082 221 18 16 959 228 22 19 559 202 28 34 848 249 38 39 
2700 1081 220 19 19 645 163 52 69 857 243 37 44 958 227 21 21 554 198 27 36 
2701 542 202 33 31 1083 220 19 18 956 227 20 19 
2702 1084 219 16 17 538 202 32 33 747 216 20 20 878 244 38 45 953 226 23 21 1005 250 20 17 
2703 1086 218 15 16 880 245 40 40 740 219 23 19 529 200 32 36 
2704 1086 217 14 16 521 199 32 34 947 220 21 21 1003 248 20 19 599 162 55 78 
2705 945 218 22 23 1085 215 15 17 585 162 59 87 513 199 31 36 900 250 29 36 1045 221 15 13 
2706 943 219 22 20 571 164 61 83 504 198 35 43 726 214 22 26 1088 215 14 16 1044 220 14 12 903 248 31 36 1133 217 14 14 
2707 724 214 21 23 550 166 66 88 496 199 35 39 1089 215 13 15 
2708 530 165 70 78 719 214 20 20 487 194 37 45 1087 215 15 15 
2709 522 161 70 81 713 213 24 22 482 193 34 48 1086 214 15 17 928 252 34 32 1044 212 13 12 
2710 498 162 67 93 707 214 23 22 1087 214 16 17 1165 241 21 25 1045 211 13 12 
2711 479 159 61 90 705 213 24 22 862 216 21 20 1088 214 16 18 946 243 35 42 1045 211 13 11 
2712 860 213 22 22 473 147 59 89 951 240 34 41 564 210 31 31 1089 213 16 18 1045 209 13 13 
2713 451 147 70 88 1090 211 16 16 1044 208 13 14 888 229 22 22 699 211 21 24 
2714 431 144 73 88 1091 210 15 16 976 238 36 41 1043 209 14 14 694 210 23 25 887 227 22 22 
2715 418 141 72 92 1092 209 15 18 690 209 26 28 986 237 36 41 1044 209 13 14 848 207 15 19 922 216 22 23 
2716 394 130 77 103 996 235 37 43 1093 208 15 19 685 209 28 27 921 217 23 25 547 212 27 31 
2717 377 132 83 99 999 235 43 41 1094 205 17 21 922 214 21 25 679 210 27 26 
2718 363 127 87 100 1019 232 38 46 1092 204 19 22 676 208 29 29 
2719 1021 230 43 45 1088 201 22 24 337 127 86 104 673 209 28 28 918 212 24 29 525 210 27 30 
2720 319 134 98 101 1084 199 28 27 670 210 26 26 520 211 31 29 1027 231 45 40 919 215 20 24 814 201 23 29 
2721 663 209 31 28 1085 197 27 27 310 130 82 105 1043 230 35 43 916 212 21 24 518 210 26 33 808 202 25 30 
2722 661 207 30 31 1045 229 38 43 285 135 87 108 511 208 25 34 914 211 21 26 1086 199 23 27 
2723 1053 221 40 51 270 141 95 135 912 206 20 24 656 207 30 30 805 203 27 24 506 206 28 26 
2724 499 207 27 23 652 206 29 28 1065 226 42 50 909 211 20 26 
2725 1069 227 39 49 905 210 23 27 648 206 30 28 799 203 20 27 244 144 76 122 495 207 27 24 
2726 646 204 30 30 1075 230 37 47 492 207 26 23 345 195 40 66 904 205 21 25 223 137 86 131 796 205 19 24 
2727 641 203 28 29 790 202 22 23 484 207 25 23 344 193 35 53 1082 231 40 47 
2728 639 203 28 29 1095 228 36 55 339 195 34 48 895 211 22 26 787 201 22 23 
2729 632 201 29 29 470 208 28 33 891 213 24 27 1095 225 42 58 325 192 34 51 
2730 626 200 33 32 467 213 26 26 1101 226 43 59 321 192 35 47 890 214 21 28 
2731 306 192 37 43 460 215 25 28 889 215 20 26 624 201 33 32 
2732 621 203 29 32 295 190 39 49 454 213 30 29 1115 227 43 57 885 211 22 27 766 197 29 26 
2733 617 203 29 31 1119 230 47 51 447 211 32 31 288 191 38 47 762 200 29 25 1067 195 27 30 
2734 444 210 29 30 1126 229 46 52 613 205 27 30 274 192 35 49 1067 194 29 32 760 206 26 22 
2735 1138 229 43 53 440 210 26 30 605 206 32 32 755 204 28 25 262 195 39 46 1068 196 25 29 
2736 1146 230 42 52 433 211 25 28 1067 195 26 28 749 201 33 32 602 206 29 33 
2737 1151 228 41 51 596 206 32 34 1066 194 27 29 242 203 38 46 748 199 34 34 1015 208 15 15 429 207 24 32 
2738 590 207 33 33 425 208 27 29 1065 195 29 29 1157 230 40 48 229 206 45 43 748 198 33 35 502 220 13 21 
2739 583 207 33 32 419 210 25 29 1064 195 31 29 1009 204 17 16 746 199 26 34 212 204 43 44 863 214 19 22 
2740 1063 195 31 29 411 210 24 27 577 206 34 33 742 199 29 32 1007 203 15 17 
2741 1063 195 31 30 195 196 36 46 574 206 30 33 735 200 30 28 405 209 23 31 1008 203 15 17 
2742 1063 196 29 28 570 205 31 34 401 211 24 27 729 199 31 29 861 205 21 24 448 220 22 20 673 209 9 10 
2743 1063 195 30 28 393 211 27 28 568 203 31 34 728 199 27 27 859 204 23 26 445 220 22 23 770 235 15 15 167 191 38 55 674 209 9 9 
2744 561 203 33 33 1065 194 27 29 387 214 26 26 999 204 11 14 722 203 26 22 860 205 21 27 675 208 10 9 
2745 712 198 36 28 554 202 36 34 1063 194 27 30 997 204 11 14 439 217 21 28 
2746 709 197 37 28 1060 192 29 27 552 202 32 34 996 204 11 14 673 209 10 11 
2747 705 199 31 27 358 214 31 31 993 205 10 13 545 203 35 34 1057 192 30 28 674 211 11 12 433 219 23 24 
2748 992 203 12 16 539 204 38 36 1054 191 31 29 698 192 35 42 
2749 534 205 36 35 992 205 12 14 686 196 42 41 84 199 46 54 1050 190 32 37 
2750 678 197 43 42 989 205 13 17 335 215 31 30 529 204 37 39 1048 190 33 37 429 216 22 28 
2751 525 204 37 40 673 198 42 42 988 206 14 16 1045 190 34 36 427 216 23 27 89 217 40 51 
2752 665 196 40 45 519 204 38 39 986 206 14 18 427 218 20 26 1044 188 32 42 
2753 513 205 38 40 655 197 40 42 310 215 32 30 426 225 20 27 843 200 24 30 985 206 17 19 1044 189 31 40 
2754 507 206 40 39 649 195 41 46 423 225 20 28 984 205 18 20 840 200 22 30 
2755 503 204 39 41 645 193 41 47 839 199 20 29 1038 191 36 38 418 218 23 29 984 204 16 18 
2756 633 194 41 42 498 203 39 39 836 201 22 27 1038 191 34 35 284 217 35 25 416 221 22 23 
2757 626 192 42 44 1034 190 32 31 493 203 34 39 416 221 20 22 
2758 621 190 43 45 487 204 37 37 1030 187 32 34 417 221 18 20 
2759 617 187 40 45 482 200 36 39 1026 185 33 37 414 219 22 23 971 204 14 17 
2760 607 187 42 46 475 200 37 38 415 218 21 22 1026 187 30 34 
2761 600 187 45 46 1024 187 30 34 472 199 33 39 412 216 24 26 
2762 596 187 45 45 461 201 36 37 1021 184 32 36 411 216 25 28 
2763 591 187 41 47 454 199 39 41 1021 184 32 37 
2764 583 188 44 51 1017 182 36 40 443 196 37 43 1119 192 19 25 
2765 577 191 43 50 1016 183 36 40 437 198 37 42 1118 192 15 24 
2766 572 193 41 50 431 203 39 39 1013 182 39 40 958 204 16 18 1114 190 16 26 
2767 561 193 47 52 1012 180 40 43 953 201 21 22 421 201 38 43 1112 188 17 25 786 212 24 28 
2768 554 193 47 52 1011 180 40 45 950 200 15 21 414 201 37 45 952 202 22 21 
2769 1009 181 41 45 549 195 45 49 402 203 39 45 944 199 15 21 
2770 1008 182 41 45 542 192 43 54 393 204 38 46 943 200 13 20 
2771 531 190 46 53 1006 181 42 46 940 200 13 19 385 204 35 44 
2772 524 190 44 53 1006 179 41 46 
2773 1001 177 42 45 517 189 42 51 367 203 39 43 940 201 12 16 
2774 503 188 48 51 998 175 44 45 360 199 36 41 939 200 16 18 
2775 495 185 48 52 993 175 43 44 351 198 39 42 938 201 15 19 816 229 29 25 
2776 485 185 50 52 990 174 42 42 342 197 44 42 934 201 16 18 
2777 475 184 49 55 332 196 44 46 986 169 43 47 855 217 22 20 930 200 18 20 
2778 463 187 51 53 984 170 43 44 324 194 43 49 857 216 21 19 930 200 22 22 
2779 448 189 50 56 313 193 45 49 981 170 44 44 856 216 19 19 928 202 21 22 731 205 38 42 
2780 304 193 46 51 440 189 49 59 976 172 45 46 726 205 38 44 855 216 20 20 841 215 25 20 927 201 22 24 
2781 968 171 45 50 424 188 51 62 294 193 48 53 720 203 41 46 854 214 20 21 
2782 286 198 48 53 965 175 43 47 411 188 53 63 715 198 41 42 853 213 21 24 845 215 22 22 
2783 397 190 51 65 962 175 41 48 277 198 45 55 710 197 42 46 847 217 22 22 
2784 954 175 47 47 381 189 56 68 846 219 21 22 703 193 41 51 268 199 45 52 
2785 946 174 49 48 258 203 46 50 698 194 40 48 369 188 54 69 843 218 25 23 
2786 942 170 46 51 687 193 43 50 349 190 63 66 250 199 44 53 842 217 24 24 
2787 679 194 44 48 241 202 44 51 939 166 45 52 340 186 55 67 839 216 22 25 
2788 324 184 57 68 936 166 44 50 228 199 45 52 671 198 44 49 
2789 931 166 44 48 312 184 58 65 666 200 42 46 216 196 48 56 762 225 32 28 
2790 926 166 46 47 301 178 56 68 657 201 47 47 204 196 42 54 1093 185 21 24 836 216 15 19 1004 206 21 24 
2791 920 162 50 52 284 179 61 65 649 206 44 47 834 216 18 22 192 197 48 52 1009 204 17 21 1093 189 19 20 
2792 916 160 52 55 272 176 57 69 643 208 47 50 832 216 21 24 179 196 45 56 1008 205 18 21 
2793 915 161 46 53 253 178 63 69 628 208 48 50 827 216 24 26 1086 188 20 22 1008 202 16 19 
2794 910 163 47 54 240 175 64 78 617 208 51 59 1006 202 19 20 1085 189 19 21 829 217 21 23 
2795 906 163 49 53 227 182 60 73 610 210 48 53 1008 204 17 17 140 197 50 55 820 217 20 22 1083 188 19 21 
2796 899 162 52 56 601 207 46 48 207 187 66 72 128 198 48 57 821 217 21 25 1009 203 15 17 
2797 893 161 57 59 194 190 62 76 593 205 47 52 117 202 48 53 1008 204 15 17 819 217 20 25 1082 178 28 22 
2798 891 159 60 63 581 198 47 58 816 217 21 26 175 195 62 72 1006 205 15 18 1080 176 32 23 
2799 887 157 60 62 814 217 23 28 570 195 48 62 158 197 64 70 984 217 23 20 
2800 561 193 50 61 882 153 60 64 813 217 26 30 140 189 64 86 1006 208 18 19 
2801 874 153 63 65 549 190 50 53 810 218 24 28 113 195 75 74 
2802 867 148 65 69 87 186 73 90 1002 206 22 23 541 189 47 56 
2803 64 185 80 91 868 141 57 74 1002 206 20 21 529 184 56 60 
2804 40 180 77 90 860 139 60 78 517 185 59 64 1000 205 23 23 1074 174 33 32 
2805 849 142 65 76 11 178 87 97 509 187 57 62 1001 205 21 22 
2806 838 136 65 78 495 187 60 63 2 177 62 95 1072 179 29 32 
2807 834 138 67 76 485 194 56 66 1071 177 30 37 995 205 24 21 
2808 819 135 66 77 1072 175 29 40 472 196 61 63 673 177 46 50 994 205 24 20 
2809 811 136 65 80 463 200 53 64 1071 174 29 41 995 205 22 20 
2810 798 138 72 76 660 180 41 49 450 200 62 59 1072 171 30 39 996 205 20 19 
2811 791 135 68 78 436 196 68 67 996 204 20 20 
2812 774 132 75 81 421 193 62 72 995 204 22 21 645 180 49 47 1070 163 30 42 
2813 761 129 74 83 406 189 62 72 639 178 46 50 995 204 23 23 
2814 739 126 85 85 632 170 46 61 994 206 23 23 376 177 68 93 
2815 725 117 82 94 628 174 49 54 375 180 66 71 995 207 22 22 
2816 716 113 81 92 622 172 47 58 1058 163 37 38 995 205 25 24 
2817 703 104 81 96 324 165 70 90 614 167 54 59 1052 163 40 39 999 206 24 20 
2818 686 92 86 99 608 171 45 52 297 167 77 92 1047 165 41 39 998 204 25 23 
2819 667 87 94 107 285 173 66 84 1047 165 38 42 
2820 654 78 88 111 276 173 59 84 996 200 21 23 1045 168 37 38 
2821 633 79 94 104 245 182 63 94 995 200 20 21 1043 167 35 41 
2822 617 75 95 110 1038 165 36 44 993 199 20 21 
2823 598 74 94 116 1036 164 37 44 198 183 57 117 
2824 1031 163 40 44 568 84 105 113 153 196 70 114 
2825 549 78 112 129 128 195 65 116 1029 162 39 43 988 197 24 26 
2826 513 75 121 135 1025 156 43 44 96 197 72 97 1024 161 41 42 
2827 486 74 144 138 1023 154 45 46 55 193 74 101 
2828 35 189 70 101 465 35 121 191 850 182 28 33 
2829 1020 151 44 46 3 164 66 145 
2830 713 211 33 27 
2831 
2832 715 213 32 35 
2833 712 214 33 31 
2834 1008 152 46 49 709 214 36 34 815 184 35 33 977 193 20 21 
2835 1008 153 45 48 707 213 35 35 817 183 30 34 
2836 1007 155 45 52 817 181 30 35 
2837 476 166 57 64 1004 151 46 53 704 211 29 33 813 180 33 34 
2838 467 168 57 60 702 208 28 34 1002 150 50 53 809 179 33 35 
2839 457 167 59 66 1000 146 50 56 699 209 31 32 
2840 444 169 64 58 696 206 30 36 996 145 52 53 996 145 52 53 
2841 429 169 67 63 989 143 48 50 691 207 33 32 
2842 424 170 64 60 987 136 47 55 682 206 35 33 
2843 984 134 44 55 410 171 70 64 
2844 401 173 65 62 981 132 46 56 
2845 977 132 49 55 387 172 67 58 
2846 375 171 65 62 973 134 49 53 668 205 30 38 
2847 359 168 60 62 968 136 47 54 
2848 961 134 51 60 348 165 61 63 656 207 38 38 791 183 27 35 
2849 337 149 70 77 959 138 46 59 786 181 32 40 
2850 781 179 36 41 324 148 73 81 
2851 953 138 47 67 307 158 67 62 642 207 31 44 
2852 295 145 78 84 944 141 49 60 
2853 284 151 79 76 936 138 51 62 631 212 37 34 
2854 271 159 69 64 933 134 47 59 765 169 35 41 
2855 928 126 49 63 255 165 67 66 763 165 38 45 620 204 27 41 
2856 237 161 78 75 759 162 39 47 925 116 49 66 
2857 218 164 82 82 919 115 48 64 609 205 37 38 753 165 38 44 
2858 914 109 50 70 603 209 38 35 205 157 68 103 
2859 189 168 76 85 737 166 38 42 910 108 54 70 598 210 40 34 
2860 735 165 39 44 175 168 74 83 909 107 47 72 592 207 34 38 
2861 905 109 47 70 587 211 37 36 729 166 39 44 158 165 68 87 
2862 585 213 36 36 133 163 81 84 899 112 47 68 725 166 37 45 
2863 581 213 35 34 110 160 82 91 890 114 54 69 715 175 37 48 
2864 85 152 85 96 708 174 37 47 884 118 60 73 
2865 62 154 96 93 689 178 37 43 569 220 35 34 874 115 59 89 
2866 686 175 42 50 31 152 101 95 872 117 61 86 565 218 36 39 
2867 677 173 45 52 9 150 104 104 865 114 67 87 
2868 861 108 67 86 4 139 73 122 670 172 42 51 
2869 860 103 67 96 664 170 42 51 
2870 852 95 64 97 657 165 46 53 
2871 647 161 50 53 846 93 66 94 539 211 35 41 
2872 833 88 69 91 640 159 43 59 535 213 37 37 
2873 818 85 78 91 635 159 44 63 528 210 38 40 
2874 810 82 82 91 629 160 48 63 523 209 32 43 
2875 797 75 87 106 513 210 36 40 625 166 46 59 
2876 795 80 76 97 616 166 42 59 508 211 36 41 
2877 787 80 77 97 611 166 46 62 
2878 775 79 80 103 602 170 49 61 489 218 39 39 
2879 761 77 81 111 597 170 51 64 479 220 40 39 
2880 592 173 52 58 744 77 96 130 468 222 37 40 
2881 587 173 48 59 464 223 37 43 730 76 86 120 
2882 581 169 52 65 713 73 94 125 453 220 40 45 
2883 573 168 54 66 444 218 34 50 695 63 101 142 
2884 434 218 40 46 565 167 55 64 673 60 111 141 
2885 559 165 53 62 659 51 122 143 424 215 35 47 
2886 548 165 60 62 414 213 40 47 643 45 123 125 
2887 542 164 56 63 402 205 38 52 
2888 533 163 55 65 392 204 38 55 
2889 380 204 42 54 522 161 54 67 
2890 510 159 52 62 368 205 42 54 
2891 358 208 45 48 500 161 52 61 837 198 38 51 
2892 489 162 49 57 825 201 44 46 349 207 44 49 441 220 33 51 
2893 474 162 54 56 821 200 44 48 340 208 42 48 
2894 466 162 38 70 813 195 41 49 966 201 17 19 
2895 813 196 42 48 963 199 19 21 
2896 808 196 44 46 959 200 18 18 
2897 801 197 45 43 302 225 44 54 957 201 18 18 
2898 796 197 45 44 955 200 20 20 291 225 47 56 370 15 183 176 
2899 792 197 44 45 955 200 21 19 
2900 787 198 46 48 
2901 779 200 52 48 
2902 774 202 51 50 
2903 769 205 50 50 
2904 764 206 50 49 946 197 16 17 
2905 760 204 50 55 
2906 754 206 52 52 
2907 744 206 51 51 
2908 741 204 46 47 
2909 726 200 54 56 
2910 714 199 54 53 237 159 55 91 
2911 710 198 50 51 
2912 700 196 53 55 190 152 57 121 
2913 693 199 48 51 176 160 69 107 
2914 684 200 46 53 155 156 67 119 935 200 18 18 
2915 671 201 55 59 144 154 69 118 936 201 18 17 
2916 661 202 50 56 130 156 68 109 
2917 647 199 61 68 91 149 74 120 341 187 28 36 
2918 71 148 75 117 336 186 32 36 638 198 61 70 
2919 42 147 82 107 621 205 60 65 716 228 52 53 332 187 35 36 
2920 21 142 85 113 608 200 57 67 331 182 32 39 
2921 600 203 59 66 326 183 32 36 6 123 67 131 
2922 585 198 70 68 323 178 33 42 
2923 577 196 55 71 320 178 33 41 915 203 20 20 
2924 566 197 58 68 316 176 34 41 
2925 553 197 56 67 314 176 34 41 910 204 24 19 
2926 544 197 60 69 314 180 31 35 904 203 20 19 
2927 308 177 35 41 902 203 23 22 526 195 62 71 708 231 53 50 
2928 307 181 35 36 519 197 68 73 707 231 51 48 902 204 21 21 
2929 501 199 69 82 304 180 35 40 
2930 485 204 76 80 304 182 35 40 705 235 48 48 
2931 474 210 72 73 301 181 33 45 
2932 469 208 76 87 298 181 34 44 
2933 295 178 35 46 457 211 76 86 
2934 441 208 81 91 291 177 35 45 
2935 423 205 87 96 288 177 33 45 
2936 412 206 83 93 285 175 33 45 
2937 386 204 95 95 285 173 30 44 694 230 44 56 
2938 369 204 95 91 282 172 31 45 694 231 42 55 
2939 362 196 86 101 276 168 32 46 
2940 333 201 95 101 880 208 21 19 272 168 32 46 
2941 312 197 102 109 879 207 21 21 
2942 281 195 110 120 878 206 22 23 
2943 260 206 115 116 
2944 238 203 101 138 699 193 16 19 869 205 21 23 
2945 205 215 113 130 
